9: [0.04255023067816023, 1, [8]]
8: [0.17519717493972436, 5, [2, 5, 9, 13, 15]]
7: [0.10929131462022057, 4, [3, 4, 6, 10]]
6: [0.059972839015975804, 2, [3, 7]]
5: [0.06770572458073022, 2, [2, 8]]
4: [0.08431179251764387, 3, [2, 7, 10]]
3: [0.08464469523558119, 3, [6, 7, 10]]
2: [0.11837929544564735, 4, [4, 5, 8, 10]]
14: [0.012765957446808508, 0, []]
15: [0.04255023067816023, 1, [8]]
13: [0.04255023067816023, 1, [8]]
11: [0.012765957446808508, 0, []]
12: [0.012765957446808508, 0, []]
10: [0.10901668437595313, 4, [2, 3, 4, 7]]
0: [0.012765957446808508, 0, []]
1: [0.012765957446808508, 0, []]
